50
7
151 133 149 148 138 147 134
26
36 35 39 39 36 34 40 32 32 35 34 39 42 37 41 52 35 45 36 36 37 37 41 40 43 47
5
187 184 214 213 202
11
99 98 96 96 83 78 96 84 89 89 92
3
339 346 315
2
505 495
4
258 238 247 257
19
62 62 46 60 47 50 58 60 50 51 50 47 45 61 60 58 54 37 42
11
108 80 95 92 82 91 85 99 97 81 90
26
46 32 45 31 34 40 36 45 29 36 35 50 32 32 43 40 41 52 38 46 33 33 42 33 38 38
16
66 57 63 52 65 63 70 64 55 68 59 66 67 54 67 64
25
46 35 46 38 33 44 41 32 34 29 35 35 47 45 33 51 36 47 50 47 35 43 40 36 42
2
508 492
25
47 43 34 31 41 36 35 33 34 39 46 45 43 41 44 35 34 38 44 39 39 55 45 44 35
24
42 36 53 37 38 47 48 36 42 34 41 43 34 51 46 42 41 40 33 55 47 36 36 42
3
320 340 340
12
100 86 76 90 75 83 71 80 94 91 74 80
20
63 43 63 53 49 51 38 57 62 37 50 42 47 43 45 42 55 54 58 48
17
77 48 74 71 57 50 56 57 58 42 49 68 64 55 62 61 51
14
64 80 80 65 77 72 74 64 88 82 78 65 53 58
22
43 46 35 47 43 38 46 39 43 45 50 31 41 55 44 48 51 55 52 54 46 48
12
75 90 81 72 89 82 93 91 76 83 85 83
19
54 57 58 46 64 57 54 58 52 42 47 58 54 55 48 41 53 53 49
2
545 455
9
121 92 116 112 125 103 116 103 112
22
41 50 32 46 58 48 42 44 45 58 66 40 39 40 35 41 53 45 34 50 49 44
18
61 63 45 59 54 51 75 51 50 52 62 54 51 65 61 57 42 47
13
71 73 71 62 83 92 80 68 89 76 74 84 77
22
46 33 53 48 38 31 43 53 48 38 36 64 48 54 52 44 47 40 35 51 54 44
18
59 70 48 53 60 51 66 53 65 55 44 59 45 53 67 45 47 60
23
62 35 49 50 31 38 37 51 54 38 32 39 40 34 42 47 56 50 53 37 47 39 39
12
80 68 73 89 98 72 78 90 85 102 85 80
10
93 88 98 94 109 112 120 90 107 89
21
57 44 55 56 55 48 46 56 36 54 42 41 44 55 43 45 37 37 51 44 54
2
470 530
7
154 136 137 136 147 147 143
2
528 472
20
48 54 48 59 41 55 38 49 59 49 48 45 56 50 44 48 52 43 55 59
23
38 36 54 40 34 53 44 44 42 38 40 45 40 48 45 43 50 41 45 41 43 46 50
15
61 67 72 68 73 83 71 54 63 61 65 67 57 61 77
5
198 197 207 207 191
7
133 138 128 172 143 141 145
6
170 162 172 147 176 173
3
341 322 337
8
132 110 127 116 143 122 124 126
26
38 47 38 46 33 35 28 47 45 33 30 43 38 45 38 35 34 54 31 36 41 47 39 38 32 29
16
49 57 61 57 70 69 72 58 65 79 62 63 55 63 60 60
16
39 70 54 60 73 56 71 62 67 63 62 69 65 58 60 71
4
269 247 252 232
4
249 238 262 251
