100
100
452 589 55 678 33 291 146 233 582 663 28 796 972 843 948 501 562 458 705 17 176 533 481 559 465 53 450 110 574 623 178 291 242 424 644 117 600 361 746 902 342 748 429 518 536 673 387 503 983 469 290 439 172 226 812 853 158 425 540 96 327 76 625 830 190 612 84 336 971 746 169 417 721 351 147 854 288 948 677 953 628 675 12 902 8 111 848 569 422 775 702 385 174 95 562 732 278 490 64 188
100
888 381 596 262 995 134 614 699 739 97 856 486 21 441 699 630 84 21 822 382 668 377 207 672 230 565 246 672 289 285 579 615 688 284 688 716 440 127 152 859 794 409 350 826 86 781 257 179 667 703 541 309 560 233 512 882 669 294 62 931 593 223 447 151 306 383 868 113 645 860 960 117 125 114 698 379 573 24 731 184 649 622 919 309 46 611 821 353 201 324 876 335 387 218 477 156 461 144 449 851
100
108 593 551 48 545 470 466 902 888 296 129 170 757 707 776 109 460 899 100 90 725 72 514 914 452 951 706 905 398 238 272 267 800 44 913 920 198 71 442 120 320 940 732 780 714 847 629 12 140 733 762 995 959 560 759 504 914 617 164 158 225 168 7 372 243 740 131 248 144 783 72 495 688 681 201 348 369 390 966 268 780 761 734 156 539 741 960 116 570 319 914 355 600 704 336 970 186 902 830 729
100
580 699 570 60 96 92 510 387 919 533 515 120 237 283 733 330 172 186 114 320 990 39 639 805 212 972 347 54 944 819 135 433 697 264 566 508 914 934 734 791 170 101 349 57 781 809 760 518 617 815 13 713 69 667 75 437 61 193 680 459 421 423 655 954 131 262 643 36 847 484 772 539 584 415 818 443 461 811 338 547 784 698 681 964 354 70 626 597 22 905 771 461 315 718 467 576 517 215 222 850
100
996 653 335 30 223 864 419 675 164 160 404 861 458 978 301 166 291 666 771 816 541 611 752 893 461 49 402 761 303 50 537 868 69 625 450 275 844 106 579 284 118 535 810 261 784 586 875 602 995 565 853 365 370 991 263 792 989 61 910 914 782 112 971 497 852 482 400 166 184 907 58 56 484 694 60 354 211 747 731 476 102 392 254 469 922 736 425 154 252 909 411 551 630 154 24 68 539 980 640 877
100
439 475 931 643 673 863 19 296 941 155 52 470 595 425 963 264 125 828 907 497 631 575 100 820 171 271 510 86 332 571 98 147 564 616 379 784 361 855 942 219 626 669 892 293 421 666 165 190 120 255 803 123 836 669 348 289 34 608 111 933 841 169 845 685 946 283 721 447 294 871 968 280 702 23 20 967 652 124 290 561 479 484 453 309 320 196 106 399 551 530 240 165 369 445 221 895 200 903 910 160
100
968 650 780 259 315 681 751 124 193 563 198 12 996 231 278 841 743 931 985 535 622 977 893 65 689 947 992 937 104 526 562 760 52 148 799 483 78 558 906 19 415 500 404 689 375 162 455 21 357 356 884 848 424 804 155 509 174 957 329 960 234 133 68 746 210 329 834 291 424 797 834 133 467 615 621 303 593 955 975 333 692 764 859 719 813 618 910 383 73 653 752 749 851 589 829 885 93 319 383 507
100
995 959 946 79 385 545 180 282 961 849 363 54 493 275 376 363 23 257 916 185 772 939 773 659 388 991 528 841 315 621 996 582 505 996 306 768 157 553 497 993 191 359 392 935 137 920 163 15 917 554 45 319 378 996 87 857 5 676 875 55 507 243 488 50 267 555 502 616 968 955 810 617 616 411 575 127 965 670 807 62 884 659 526 952 752 131 532 159 151 336 487 205 999 336 40 914 43 804 300 723
100
466 476 94 660 498 245 596 756 762 780 669 317 818 603 23 738 3 327 650 820 714 517 548 295 583 839 498 659 540 519 398 804 763 56 761 762 28 846 463 89 22 234 482 835 309 310 826 337 756 975 884 466 553 74 209 310 327 516 493 625 430 775 650 159 5 993 512 445 528 260 437 300 688 585 326 44 126 991 589 610 819 235 467 325 468 843 439 1 831 152 44 273 922 23 935 448 954 992 15 366
100
991 173 117 662 294 184 341 589 4 333 666 768 719 921 439 97 560 733 171 967 39 222 820 438 120 226 263 462 398 344 276 62 921 59 151 684 81 643 444 257 433 707 20 12 574 509 828 933 431 138 831 489 608 286 916 190 259 456 106 421 694 866 60 901 294 302 265 685 307 51 888 283 719 676 750 860 329 209 230 984 709 783 829 915 663 956 468 383 87 968 813 947 124 759 345 432 309 621 735 544
100
891 827 559 353 904 319 895 947 673 896 261 545 224 723 790 743 860 556 27 298 259 555 335 359 628 515 136 217 650 532 453 961 522 698 385 640 709 816 514 258 137 626 352 17 933 448 25 348 659 960 716 611 649 388 874 610 166 395 436 415 614 975 780 10 340 200 525 429 955 973 200 748 619 374 610 818 896 283 881 586 850 265 370 770 585 801 530 105 354 677 340 462 609 246 42 185 142 38 996 643
100
693 562 506 145 939 30 274 161 916 338 257 86 460 150 977 668 169 1000 314 658 276 989 214 727 690 400 894 977 955 149 399 647 839 573 538 135 931 873 278 944 865 857 628 392 74 363 747 48 331 18 348 133 27 484 417 612 44 532 506 265 376 654 843 39 332 426 470 146 359 164 620 889 945 604 770 751 294 733 42 522 800 168 738 98 390 151 874 266 139 273 986 20 261 781 626 910 803 46 912 669
100
165 819 363 310 545 449 253 449 902 478 357 763 36 120 560 795 61 108 597 357 885 379 72 462 646 251 177 660 903 488 664 308 675 121 368 188 465 909 436 367 871 324 792 58 515 682 667 748 927 629 70 11 716 981 213 26 645 840 21 598 34 101 633 796 944 689 733 473 788 102 122 131 572 856 32 215 636 552 996 585 621 824 353 42 416 85 188 787 927 288 59 986 65 502 791 240 216 752 438 764
100
18 879 991 61 480 558 447 257 645 277 366 852 67 644 785 316 710 915 788 990 901 401 854 676 966 466 903 389 683 246 125 559 674 598 581 634 286 940 17 710 860 433 940 24 795 28 659 353 931 498 544 400 802 361 734 122 501 659 900 275 211 194 475 444 737 874 738 503 986 297 793 318 362 394 36 321 89 67 805 135 50 935 221 546 101 79 109 148 743 339 963 716 474 177 8 176 318 861 616 278
100
875 585 113 860 57 981 832 110 363 7 767 221 968 176 879 839 478 98 566 981 833 355 998 212 487 514 764 152 226 163 488 459 545 778 954 312 110 679 237 37 382 774 9 84 213 364 415 658 176 443 811 404 332 123 460 687 870 52 5 153 287 73 876 797 365 458 436 827 851 686 382 825 567 624 465 632 235 49 379 701 189 710 566 976 312 633 510 205 436 673 106 206 53 754 619 918 347 61 633 113
100
3 46 801 363 434 365 472 62 839 879 57 892 348 614 263 706 825 868 599 739 764 893 935 608 71 155 653 823 523 494 938 920 237 609 40 569 314 767 674 555 69 37 827 167 985 585 607 158 706 469 11 428 333 629 746 611 552 928 587 947 240 141 247 994 731 428 187 133 900 752 970 539 282 78 992 81 228 520 511 121 353 817 391 232 142 27 387 34 619 400 233 167 491 245 692 591 739 463 198 951
100
804 70 916 5 235 422 453 305 378 633 507 96 404 364 413 868 998 928 246 196 697 314 241 678 425 682 626 273 362 484 227 821 713 757 534 581 21 935 849 851 578 560 804 970 797 99 946 100 168 809 339 895 242 289 663 99 210 817 547 104 219 88 826 932 265 141 214 415 108 498 604 914 190 792 635 133 794 9 911 254 461 944 855 497 571 987 878 715 960 300 977 680 457 376 255 51 888 768 832 450
100
636 116 964 294 541 493 721 463 963 707 362 163 784 933 430 646 365 160 634 249 965 928 212 988 488 632 183 320 482 570 93 766 422 235 956 995 324 13 198 996 65 230 930 515 974 884 771 760 648 490 156 73 987 349 449 124 463 23 492 443 751 418 586 17 368 683 457 702 977 364 414 13 190 304 335 899 78 424 205 487 710 551 646 106 250 866 185 44 818 883 236 356 499 763 931 993 566 674 913 435
100
253 340 541 210 9 96 38 493 160 678 223 290 847 897 874 673 750 11 706 48 506 959 928 95 126 594 472 599 388 790 399 811 73 560 930 435 172 514 864 94 527 535 594 731 321 922 775 227 909 286 648 152 645 110 632 301 335 901 367 137 454 303 76 898 580 668 623 199 951 701 963 554 480 808 701 990 19 398 958 450 503 961 698 653 776 218 668 303 773 261 500 347 442 222 358 142 636 986 431 146
100
557 772 149 725 859 35 692 725 197 788 860 228 785 445 865 167 491 192 120 284 126 608 517 816 250 476 427 798 150 239 428 450 26 382 453 606 538 797 417 755 591 779 202 52 299 241 31 867 62 492 350 236 321 400 549 282 474 89 491 789 633 569 998 220 563 122 573 58 13 918 347 619 613 468 215 613 723 578 394 351 384 614 649 369 623 732 751 80 639 431 706 662 567 240 434 587 428 208 590 456
100
740 613 263 118 630 928 12 550 854 993 63 264 313 480 259 825 752 883 690 492 702 448 392 615 270 438 878 202 38 31 374 275 972 633 81 458 672 633 24 757 981 5 786 999 986 944 805 161 505 655 324 841 572 808 710 674 769 447 825 454 712 552 372 823 384 829 236 404 118 884 886 675 125 902 673 625 648 297 397 981 555 319 727 873 101 768 143 489 14 460 657 375 726 548 339 641 85 947 991 616
100
602 558 280 253 734 996 546 748 646 152 603 529 618 39 855 102 999 941 976 711 433 801 362 114 109 148 259 420 816 260 4 175 493 383 60 588 670 279 496 625 316 297 438 662 953 706 841 66 812 358 791 907 391 604 713 141 955 1000 452 840 413 699 188 423 366 169 573 361 415 688 76 706 417 862 453 971 480 152 307 743 692 213 519 914 885 120 669 358 344 454 936 327 946 372 266 567 176 810 731 767
100
612 545 844 340 437 24 985 104 14 225 847 561 430 652 469 253 507 197 973 78 851 413 573 930 807 324 795 153 243 409 249 472 753 911 458 828 975 886 444 280 513 367 321 381 974 853 260 532 515 81 261 239 757 588 43 712 642 569 611 508 986 784 460 798 127 27 104 652 945 92 19 473 847 871 458 614 882 744 743 407 466 726 112 996 373 583 628 280 305 899 68 890 160 701 101 518 133 649 407 685
100
151 95 353 83 600 269 776 924 816 253 821 44 903 807 606 388 222 191 49 846 439 152 564 673 206 926 570 81 669 673 241 194 428 164 67 800 554 547 365 76 277 800 31 506 871 337 204 152 90 400 126 811 1000 145 84 170 13 907 79 160 83 33 424 950 724 178 406 796 1000 558 331 378 854 30 367 977 131 417 704 290 864 643 812 438 909 512 528 308 905 128 98 971 676 401 578 307 213 428 888 774
100
818 183 924 351 314 858 661 529 4 521 402 295 613 435 73 996 782 844 634 238 736 36 600 792 556 282 688 801 820 63 524 469 636 682 805 46 949 515 209 872 991 31 880 642 815 830 650 798 915 751 531 237 586 392 536 406 132 140 780 827 726 126 2 746 990 331 776 394 491 92 218 265 458 833 888 898 231 25 843 178 890 670 562 791 433 565 770 772 69 37 828 433 794 501 432 332 162 20 133 597
100
817 452 6 39 590 731 352 901 260 707 34 10 126 540 18 4 535 507 446 881 429 703 552 65 539 671 868 582 242 407 563 863 258 119 130 319 613 544 523 520 441 232 942 525 983 12 837 145 355 84 259 335 754 452 106 182 550 216 414 302 328 840 688 843 480 849 535 372 687 950 878 338 924 723 646 417 947 562 292 393 520 941 2 852 741 837 447 509 219 896 885 830 659 137 107 722 995 865 107 69
100
34 561 310 967 854 308 365 175 645 286 987 41 44 335 512 565 568 592 879 214 514 656 909 894 866 560 838 141 969 349 181 435 767 749 852 893 532 623 78 284 11 745 215 383 568 347 703 541 556 156 800 241 396 568 691 259 646 103 221 185 315 241 568 138 231 911 353 487 67 530 280 813 820 149 62 220 26 802 186 929 397 514 153 398 314 572 538 115 141 299 447 429 740 423 266 217 522 208 473 846
100
692 670 879 636 150 400 219 561 626 59 610 310 895 228 204 293 749 558 486 757 956 21 594 102 114 380 154 114 206 936 644 334 5 624 849 508 524 586 211 694 40 889 910 704 134 851 98 730 777 851 524 432 925 402 551 486 63 970 244 276 581 450 992 952 761 68 602 204 997 761 635 460 756 375 350 688 707 690 176 512 306 107 155 203 59 214 944 316 721 154 629 79 254 225 653 688 514 525 642 152
100
879 646 920 378 260 424 76 8 442 851 515 737 669 515 184 452 698 456 604 648 933 996 7 483 302 279 889 714 39 417 693 46 340 602 851 36 577 904 585 152 756 969 96 588 865 892 164 733 171 315 365 613 319 891 810 799 386 558 589 564 322 730 442 413 27 919 20 291 670 953 283 166 340 549 903 724 813 320 666 584 248 516 6 450 67 251 232 223 561 329 107 682 366 610 34 256 868 223 692 954
100
609 74 48 138 56 543 245 371 353 136 82 418 185 409 804 588 52 152 776 473 513 42 56 736 630 339 489 877 507 729 891 403 645 742 844 773 955 661 633 23 89 451 78 410 693 915 984 864 45 851 184 287 966 804 402 97 885 79 427 835 212 80 796 408 559 422 146 369 393 631 53 819 288 170 990 450 495 402 449 776 517 406 712 985 982 755 212 212 259 796 192 96 981 918 349 646 701 257 233 805
100
760 421 722 919 721 360 693 571 342 12 632 82 778 310 318 331 318 6 195 928 393 246 933 774 449 603 789 697 805 195 243 483 510 316 792 244 77 495 998 893 365 482 23 835 711 729 872 769 881 876 937 906 73 32 309 862 372 13 138 287 294 683 217 672 90 708 101 46 243 256 832 313 355 190 153 399 955 110 945 456 880 727 377 258 526 875 111 255 400 848 28 438 868 445 574 560 702 452 486 776
100
850 986 198 44 995 440 93 304 34 613 828 126 808 51 679 630 410 112 71 826 71 719 855 383 284 286 999 814 921 46 76 120 592 969 257 773 268 932 89 375 737 900 41 305 190 785 4 525 610 842 257 466 501 707 207 18 967 105 62 654 524 774 140 556 350 25 693 730 122 866 531 916 641 200 94 871 828 721 52 975 968 109 923 371 822 488 837 309 569 235 329 840 437 250 732 95 328 112 32 772
100
617 754 166 505 408 711 236 214 983 466 121 515 244 932 698 599 871 767 237 916 170 425 729 559 673 459 204 469 480 301 675 398 63 713 16 497 704 448 487 76 5 798 337 111 608 633 843 976 779 551 963 526 386 796 709 248 37 947 300 816 660 971 796 742 950 762 616 275 398 460 695 388 795 564 130 522 20 791 976 663 911 92 466 496 121 214 662 908 962 470 310 612 668 307 748 815 182 396 155 950
100
50 756 607 71 617 908 346 7 84 128 422 582 617 145 544 834 376 497 771 880 540 183 614 691 726 716 448 9 134 261 227 428 211 222 193 716 611 842 602 771 674 777 369 746 84 234 95 292 718 798 444 587 960 688 925 248 109 988 54 392 604 762 186 937 512 590 116 456 74 691 656 762 408 915 878 636 415 295 716 323 189 121 214 778 320 324 128 46 68 76 772 139 731 292 324 359 267 444 793 211
100
691 978 43 833 592 112 511 843 829 311 647 557 462 658 939 330 990 661 599 944 886 183 779 766 803 397 193 722 921 683 403 216 460 81 188 367 941 477 782 932 202 482 562 853 350 810 940 87 358 236 771 369 320 885 101 503 744 154 142 116 217 732 682 849 673 393 76 345 303 107 677 342 769 23 500 785 886 350 691 804 43 456 419 255 745 71 121 129 714 804 762 842 901 238 421 309 514 458 245 130
100
197 28 446 402 511 473 390 513 771 562 268 393 521 706 305 500 477 112 179 843 924 641 698 316 455 739 951 105 549 151 538 180 3 560 684 305 391 499 430 658 127 435 92 55 921 46 456 356 176 981 520 578 412 773 310 428 34 973 782 420 962 316 933 690 102 717 621 301 980 743 468 314 584 36 493 603 347 965 133 28 894 515 788 451 26 792 70 274 598 71 829 263 792 864 936 674 49 256 832 485
100
444 428 949 6 602 121 906 685 936 397 889 812 876 735 755 337 919 143 507 176 454 709 67 992 711 698 277 189 390 494 357 933 27 214 715 431 862 170 579 53 565 610 691 136 156 32 178 347 348 559 847 187 827 551 958 339 211 197 946 574 838 925 362 559 976 332 494 840 124 997 472 656 31 8 45 719 525 118 582 728 361 826 134 648 938 404 304 456 788 463 215 843 823 658 723 403 876 576 179 551
100
481 114 677 936 492 105 393 833 565 957 638 942 214 455 240 530 203 762 776 25 913 543 908 150 983 61 447 737 24 579 261 706 805 196 798 130 812 531 701 968 673 256 260 504 318 828 314 297 406 920 522 454 565 179 993 579 792 164 941 146 539 555 515 781 3 795 866 621 662 872 56 352 107 85 506 686 880 57 722 120 23 841 654 36 714 868 986 353 549 289 707 944 683 186 778 589 302 510 960 486
100
331 306 49 84 478 717 635 390 166 9 331 175 159 344 641 56 121 752 187 184 678 138 44 736 56 646 633 345 414 964 55 593 747 72 300 449 653 879 455 717 680 236 777 279 760 392 486 226 696 880 641 55 491 234 108 493 657 980 754 473 998 462 726 759 271 711 858 863 220 44 166 599 1 156 861 538 512 828 61 364 495 133 747 657 311 905 217 676 74 717 562 322 87 518 372 17 972 336 836 174
100
294 70 236 657 337 37 323 354 628 284 301 309 756 169 826 190 708 535 330 411 269 286 838 489 916 102 604 27 798 113 40 862 142 841 887 983 83 29 145 921 734 744 888 704 311 925 347 883 481 378 154 243 492 4 661 343 501 415 650 539 537 550 859 159 847 370 336 411 680 328 854 722 723 108 348 103 409 394 90 686 563 358 953 201 744 156 101 463 347 399 164 939 600 701 446 501 625 768 560 633
100
155 366 970 823 759 514 331 720 571 480 897 309 739 238 917 658 820 421 581 513 529 897 681 630 91 687 450 267 547 299 524 976 883 103 90 523 638 194 628 543 837 771 829 918 943 127 125 339 462 154 982 728 451 594 459 314 101 471 168 115 177 264 163 117 560 406 548 230 273 527 193 744 539 812 758 561 795 90 324 304 760 89 813 737 251 298 960 412 994 304 737 669 765 381 253 326 71 563 212 719
100
754 80 349 854 517 78 228 855 326 363 384 880 470 992 394 411 644 121 889 304 30 920 162 716 596 34 701 650 685 949 265 927 505 447 105 841 716 116 15 861 364 696 448 349 924 25 477 133 867 774 424 837 862 707 824 857 781 137 430 789 377 852 369 951 213 109 348 343 121 231 409 78 335 548 972 627 857 970 707 585 954 532 415 832 645 430 689 841 981 813 556 683 664 789 787 794 874 567 676 242
100
322 787 268 422 454 242 725 775 367 720 299 554 70 974 193 476 325 223 570 162 795 274 15 254 57 992 105 921 715 465 960 486 188 391 123 953 918 990 263 757 416 128 34 339 17 989 297 560 780 860 46 348 958 579 387 444 564 599 578 467 664 445 432 559 195 984 527 615 91 143 31 393 937 502 646 928 894 575 348 275 201 932 904 380 378 22 570 284 197 540 854 355 142 638 877 790 320 437 820 968
100
210 380 23 890 294 763 108 948 57 233 728 903 545 838 232 841 137 852 512 600 426 980 691 496 671 846 538 410 520 490 64 590 370 299 667 333 909 634 113 416 736 838 903 289 72 16 437 843 331 668 221 102 528 808 766 171 128 11 742 365 719 156 730 307 863 603 999 705 840 467 720 571 846 418 844 605 48 768 524 565 941 362 881 487 704 512 615 820 457 260 776 141 468 710 891 657 7 987 795 992
100
700 929 758 797 768 800 708 850 333 990 832 989 74 198 724 786 337 285 358 124 944 780 998 291 876 66 474 944 868 399 301 635 733 767 690 759 480 275 236 620 50 75 955 278 732 958 651 175 530 443 378 99 799 12 923 553 138 626 825 101 120 493 627 517 649 937 185 468 57 868 431 801 370 873 960 752 859 943 148 197 835 298 71 564 769 303 289 831 585 716 834 574 834 949 13 348 140 22 926 718
100
101 104 449 392 544 796 78 570 601 594 517 367 971 588 875 231 455 827 55 862 239 879 62 666 611 408 473 626 629 208 524 299 949 21 802 471 516 352 118 891 438 991 964 175 458 527 847 914 448 918 19 824 410 409 121 151 203 672 854 802 923 612 152 329 236 56 132 123 685 169 400 304 870 832 259 970 132 468 936 368 508 508 792 759 971 463 113 377 118 512 81 9 203 113 168 72 605 851 898 959
100
474 811 336 722 936 968 672 884 280 801 102 96 620 294 617 723 413 294 669 366 769 849 97 724 934 402 437 804 114 40 718 964 572 603 772 887 79 444 363 466 752 848 127 781 719 874 614 792 610 71 729 912 498 409 31 662 200 885 218 588 419 199 170 221 208 763 737 229 450 414 922 702 79 464 731 617 57 984 871 801 468 26 689 928 153 125 868 549 631 677 212 639 527 294 225 746 511 258 803 851
100
561 293 225 578 912 771 122 198 363 478 475 417 768 88 198 30 986 389 379 219 439 540 639 97 676 354 7 247 865 194 271 960 314 785 487 436 217 289 353 109 436 19 849 972 447 464 281 376 660 529 796 676 502 2 346 837 734 508 346 145 119 151 149 155 679 423 665 173 743 769 170 764 371 451 32 991 180 847 553 777 257 829 811 499 795 536 152 55 760 965 785 571 11 319 10 944 557 874 29 37
100
54 523 48 203 920 80 958 511 327 640 847 526 643 397 823 41 796 237 160 982 582 977 724 776 93 762 387 167 41 589 396 117 581 831 159 889 258 763 117 515 800 89 514 767 751 423 739 964 711 108 885 595 929 759 851 976 701 869 702 300 758 486 611 972 408 107 460 758 627 492 550 704 316 286 832 463 936 563 233 216 839 317 390 814 273 197 423 953 702 344 362 174 197 313 212 644 154 49 772 583
100
329 341 274 536 55 407 169 746 973 285 500 13 254 876 390 58 509 751 759 759 148 92 494 904 758 890 144 967 142 641 99 221 765 222 946 322 43 586 939 997 554 416 494 950 960 909 757 34 914 8 604 310 324 614 451 806 672 27 130 734 193 219 298 388 184 628 909 138 73 413 802 217 326 733 255 771 963 934 275 901 707 297 748 252 806 89 86 502 415 437 260 466 212 144 764 642 634 73 846 365
100
232 610 491 233 105 520 982 694 440 249 112 538 914 605 341 643 828 683 362 594 400 404 106 987 239 31 43 520 488 396 270 923 880 522 121 115 977 772 166 468 877 664 928 851 212 261 725 303 533 534 818 73 638 585 952 942 895 998 55 58 181 711 663 985 618 239 814 129 694 739 655 629 917 163 989 952 355 627 383 780 608 123 407 587 924 731 450 879 856 672 684 989 669 121 865 758 449 767 550 565
100
354 826 663 470 847 435 353 614 836 335 509 732 330 600 352 172 195 951 781 875 868 228 847 971 321 208 611 700 312 898 673 950 863 50 565 902 715 462 946 564 84 227 331 678 853 763 385 326 555 420 945 392 839 177 642 275 846 801 626 722 208 630 252 37 633 684 767 275 570 541 629 796 847 987 18 468 981 78 644 239 122 911 521 834 126 240 500 590 584 721 15 475 437 369 416 804 639 988 707 141
100
191 925 661 758 328 884 836 11 855 651 613 93 909 353 436 935 879 448 921 27 453 854 780 205 146 920 910 764 767 136 593 267 382 613 232 292 171 939 231 482 552 503 878 567 167 549 493 542 123 522 227 899 237 279 502 765 172 502 291 485 337 62 463 904 124 179 14 801 683 526 299 313 953 125 397 323 78 685 920 554 305 654 845 471 64 979 270 463 660 324 816 233 470 187 171 865 470 494 542 89
100
161 200 871 283 206 176 900 810 510 296 85 424 312 4 767 989 416 974 201 471 722 781 326 69 770 339 661 205 584 684 950 935 574 38 437 904 34 314 432 121 253 230 539 227 549 875 503 380 601 739 460 189 193 858 873 26 396 259 167 715 298 808 931 131 402 848 984 748 523 997 406 808 425 716 325 871 716 146 946 295 650 352 290 234 661 58 258 180 171 213 309 387 329 602 927 532 218 648 141 648
100
389 530 965 101 145 270 499 996 441 715 692 173 895 742 77 995 341 697 723 219 736 316 267 220 941 974 660 53 592 204 229 853 125 379 274 107 58 358 145 831 582 898 186 346 705 988 267 316 131 289 511 364 760 880 123 438 571 28 604 101 398 647 903 969 808 190 286 845 298 221 125 405 438 412 431 581 757 987 139 555 845 522 138 583 346 424 501 435 179 656 417 228 789 88 471 89 155 991 418 223
100
872 601 35 234 347 117 149 687 654 874 593 74 513 53 963 314 793 707 264 880 523 123 994 4 424 87 228 384 792 755 816 117 479 634 353 664 724 911 459 998 549 371 215 692 63 22 234 976 527 7 469 859 368 488 576 604 562 258 615 131 238 481 498 353 89 441 904 222 418 146 673 428 231 363 361 5 589 119 712 717 54 99 434 401 173 930 427 244 682 990 230 545 342 504 210 486 535 503 334 85
100
342 722 577 266 300 952 79 750 873 353 96 372 649 728 92 756 344 292 107 531 715 48 828 560 671 219 69 45 340 226 652 993 890 828 284 751 577 796 690 566 780 279 408 666 919 824 172 756 674 886 675 810 245 78 951 44 182 604 753 494 462 452 267 156 211 584 579 706 260 666 906 45 8 932 217 335 504 948 118 444 904 154 28 809 805 82 440 193 697 30 3 197 213 287 87 241 185 556 832 220
100
585 172 992 266 667 957 651 259 344 772 398 157 728 559 85 193 39 242 252 727 676 463 174 649 304 878 441 61 640 364 68 955 946 469 839 35 185 232 848 761 897 823 752 662 791 637 927 416 391 778 449 97 332 700 629 862 403 207 684 425 11 184 429 516 769 304 820 368 547 582 422 307 605 467 829 642 476 963 663 501 496 944 808 868 800 501 616 495 359 228 139 630 170 965 552 479 199 601 41 131
100
705 417 809 461 217 967 887 186 828 73 67 290 843 741 813 887 217 53 327 338 837 647 906 510 513 462 590 235 697 153 897 199 71 133 675 380 633 108 312 180 375 67 884 5 910 677 757 501 979 334 127 892 353 679 385 127 547 987 239 901 679 662 929 534 682 722 262 600 932 696 979 779 202 689 14 117 761 920 771 375 811 99 808 603 937 785 32 681 146 325 929 872 770 399 55 908 689 203 897 303
100
711 261 53 672 509 228 992 913 657 551 7 899 322 188 593 941 451 760 394 380 739 785 872 545 440 873 16 259 752 572 549 203 937 109 525 384 416 420 99 185 703 495 20 527 850 781 633 599 561 2 825 640 336 146 364 923 921 108 349 599 936 248 55 717 567 221 308 492 218 646 479 404 886 31 365 432 104 219 207 430 329 41 836 771 659 257 455 351 989 642 207 568 814 327 716 676 850 80 531 363
100
59 823 617 233 41 311 19 8 763 977 18 736 593 673 633 161 387 405 136 188 286 936 879 222 662 508 313 396 534 700 924 276 417 22 187 246 271 110 328 607 334 33 421 394 898 658 826 6 876 581 763 519 424 692 708 979 443 603 399 779 777 243 564 307 102 555 11 296 485 713 300 904 260 591 512 880 458 621 696 82 477 89 943 302 781 508 756 482 483 810 306 246 332 197 681 962 130 383 39 969
100
416 910 980 666 645 30 521 639 912 202 853 920 958 47 515 577 741 15 681 493 654 362 210 517 263 921 340 6 543 604 166 725 495 260 964 755 209 557 553 225 821 879 37 99 998 225 188 504 29 497 552 837 226 807 873 769 26 645 316 68 350 134 455 924 61 430 931 47 830 717 651 340 562 832 676 387 135 636 564 775 725 830 645 77 252 56 782 344 944 739 586 258 256 418 85 123 539 83 822 73
100
357 915 199 578 851 76 923 405 66 429 398 515 484 110 182 887 514 430 9 472 670 898 647 250 708 110 335 473 250 351 577 185 36 930 835 491 807 763 602 351 357 358 633 455 662 970 161 988 583 65 972 296 796 851 280 786 105 310 662 246 606 308 264 412 847 864 853 59 227 871 968 968 167 504 710 174 550 977 266 550 303 19 773 493 257 945 108 117 324 486 294 338 64 259 298 84 318 701 836 527
100
21 139 874 485 907 669 207 614 842 139 4 460 213 83 344 66 432 101 725 453 791 399 867 244 314 101 505 663 201 547 382 762 609 601 973 380 477 401 727 288 425 350 108 637 174 338 194 432 137 375 865 296 459 117 990 820 430 715 897 542 738 836 746 532 887 624 780 866 49 606 375 911 693 134 769 782 850 690 932 274 284 491 270 264 213 802 428 910 747 190 461 157 196 403 769 371 822 448 916 410
100
57 14 329 709 854 514 33 263 76 901 890 164 769 212 876 371 129 925 232 775 603 475 561 141 2 993 860 861 389 488 2 437 360 991 157 218 997 946 223 981 903 679 378 523 98 169 740 104 773 682 303 518 615 292 911 844 610 877 570 801 35 970 498 997 419 505 922 67 126 941 828 332 48 188 888 256 782 214 439 599 358 906 195 320 278 926 919 391 891 549 850 232 350 168 17 948 433 853 141 755
100
24 633 90 885 828 335 963 46 562 832 650 905 79 552 922 254 900 748 259 470 419 328 409 312 718 885 39 376 975 985 666 640 19 86 754 477 174 274 785 290 617 588 510 46 361 98 515 869 313 49 214 907 38 486 920 995 169 588 647 836 223 37 447 84 109 382 379 558 294 663 246 164 301 50 704 683 443 67 55 675 526 46 942 643 104 914 57 950 372 946 214 444 872 264 78 313 201 681 749 992
100
485 720 359 441 112 555 446 756 757 336 324 129 1 158 203 5 929 602 96 318 991 238 484 933 498 62 393 970 917 684 200 795 261 297 289 306 282 901 907 354 1 520 973 258 182 220 737 703 29 295 938 464 384 267 207 559 672 353 542 956 842 826 920 469 480 514 809 20 613 109 538 696 110 71 76 979 87 634 940 112 29 871 629 304 606 419 940 226 48 491 283 104 600 512 58 985 968 121 511 760
100
278 764 710 884 702 995 576 499 88 635 110 940 502 877 171 117 633 554 350 368 919 167 726 943 871 760 75 777 122 647 296 138 651 823 873 13 537 888 63 51 976 417 568 459 357 34 611 176 973 295 22 924 829 478 646 971 462 662 662 257 453 864 327 410 740 871 186 877 518 122 296 472 846 90 247 716 942 920 370 169 915 723 991 718 10 144 404 699 287 956 890 835 525 832 454 450 392 961 107 105
100
842 850 105 226 723 664 864 494 558 550 765 928 516 836 373 811 512 848 38 840 214 480 874 40 837 788 400 39 437 381 315 370 638 236 216 167 63 822 912 903 904 859 595 448 216 544 746 10 514 787 655 436 519 610 762 529 4 896 442 531 41 761 976 142 454 218 915 948 876 394 859 459 947 733 881 924 304 103 962 390 404 21 628 416 787 420 100 115 395 310 982 307 548 418 268 754 258 621 735 147
100
454 212 382 819 463 504 746 127 352 504 521 210 222 853 557 907 773 267 784 118 759 351 833 454 563 720 910 998 702 432 939 655 785 931 129 899 266 961 629 938 97 72 675 505 858 248 76 432 986 245 749 562 524 178 322 157 576 598 947 516 836 79 135 585 199 321 470 432 86 118 969 80 476 804 800 185 621 620 587 217 407 111 465 138 911 588 183 318 295 742 754 775 761 66 590 947 459 965 413 774
100
265 858 922 553 245 569 850 324 428 922 54 531 326 572 841 148 582 814 541 698 825 902 533 815 985 272 932 123 546 805 327 677 139 443 629 801 57 783 131 181 938 637 59 772 352 746 336 825 558 382 492 650 855 472 565 372 944 26 718 879 78 482 32 386 804 884 470 14 909 714 472 953 708 327 809 596 685 362 474 670 748 627 4 198 763 457 617 299 341 546 116 265 58 224 657 392 522 629 490 29
100
574 573 381 688 662 846 829 41 591 500 771 365 240 659 285 606 366 142 335 294 879 863 815 723 482 988 323 413 109 346 434 551 559 953 614 818 914 434 758 888 623 24 391 587 967 479 511 919 455 806 828 550 684 364 659 797 604 330 298 399 37 785 650 682 112 71 824 186 600 51 717 15 727 73 506 442 358 839 277 683 900 747 376 458 649 194 131 752 715 56 686 470 616 904 757 789 545 440 626 450
100
79 234 328 758 847 391 607 291 780 911 196 988 37 96 739 821 467 608 486 988 689 700 893 513 968 365 128 8 548 997 748 230 343 902 84 953 175 499 365 883 77 924 400 333 321 13 973 359 955 808 856 576 435 263 826 371 828 532 234 249 563 500 23 532 372 52 43 192 751 649 147 57 91 749 470 870 159 102 834 139 645 111 195 554 421 407 515 380 667 363 424 14 343 692 48 676 613 11 797 340
100
296 204 16 824 723 890 463 175 447 430 162 794 962 914 375 704 824 773 601 154 157 367 251 960 381 341 867 777 697 564 97 115 26 922 946 620 768 767 578 941 620 35 512 761 600 818 296 664 286 704 849 850 486 924 424 979 779 445 716 619 554 30 729 887 950 433 194 396 907 494 928 936 394 176 368 526 380 444 280 580 641 806 295 198 439 922 573 696 3 562 993 56 142 530 510 549 942 261 614 230
100
816 335 967 353 656 135 341 549 86 731 309 373 375 688 842 849 606 743 563 459 320 447 325 856 382 213 264 110 503 696 660 660 774 180 628 960 265 620 729 369 562 396 233 623 905 676 528 572 344 972 77 4 741 587 576 860 550 851 959 524 636 921 59 599 326 86 63 734 701 402 235 385 662 378 945 724 166 888 284 627 60 832 160 476 291 168 478 559 884 976 920 479 415 491 990 81 128 281 392 660
100
889 486 748 636 482 280 892 626 695 877 94 126 212 299 640 754 640 994 3 873 569 252 507 94 115 911 443 80 359 266 506 602 755 412 748 938 617 571 949 465 23 364 354 644 159 457 434 71 944 198 222 468 832 520 768 781 930 886 912 840 278 243 450 143 730 251 368 447 501 166 880 943 532 54 996 296 231 337 381 289 125 823 853 629 813 425 463 497 438 549 278 236 677 196 986 504 222 484 194 574
100
356 927 731 296 285 536 553 12 255 22 895 988 446 838 44 550 813 726 504 667 243 75 402 806 863 2 502 319 652 215 155 494 639 902 421 672 440 964 304 567 438 245 229 309 506 542 344 115 98 112 852 664 228 385 122 3 13 322 944 169 170 594 902 202 170 224 208 906 200 315 157 206 729 303 609 448 112 905 3 128 522 780 557 517 348 888 687 109 595 680 132 226 798 759 592 120 636 569 933 832
100
79 681 850 858 299 397 612 664 975 409 845 61 31 921 714 139 33 739 33 405 866 811 758 840 703 47 572 4 295 977 44 245 529 485 888 120 467 358 406 193 399 133 150 522 736 555 426 64 789 373 460 60 511 697 889 659 302 722 848 236 998 349 487 769 293 230 920 334 201 714 219 290 642 350 918 620 286 46 240 907 260 47 298 450 354 770 110 567 628 821 858 173 845 52 500 300 198 79 630 494
100
976 802 677 867 367 137 222 526 491 898 879 496 475 353 126 446 990 846 246 82 478 521 614 73 74 228 821 418 75 984 472 381 995 161 516 779 382 108 702 249 932 900 300 659 28 194 746 409 428 928 659 327 485 51 226 726 129 863 122 411 405 184 223 310 78 487 876 156 91 908 436 91 192 171 750 866 335 929 675 415 503 166 601 660 103 419 888 507 236 138 868 184 858 95 245 426 227 841 309 98
100
955 609 166 802 383 179 67 736 39 448 701 877 412 495 254 256 514 212 652 738 176 921 364 296 651 133 292 590 535 716 433 456 777 871 930 611 300 619 457 675 690 882 399 521 717 630 513 709 599 98 647 973 319 473 763 292 519 235 830 68 355 917 681 204 6 566 790 681 864 173 999 127 135 753 604 923 457 410 417 851 280 360 439 430 105 957 863 873 477 99 448 862 233 629 415 580 629 138 311 446
100
995 101 360 517 446 855 680 125 748 634 613 287 857 301 709 454 723 640 875 226 29 674 423 392 447 368 114 645 325 886 327 75 786 670 768 823 987 638 3 539 770 815 867 705 828 797 55 236 622 256 197 684 895 245 965 746 861 747 555 432 692 890 508 184 664 876 112 316 452 268 684 984 152 325 917 158 762 363 127 265 209 653 343 674 161 284 541 830 975 225 880 333 154 639 170 850 462 137 235 974
100
908 85 867 467 819 979 402 759 133 751 44 620 191 278 418 83 895 320 649 600 215 952 122 432 762 787 457 96 161 488 155 679 373 907 106 988 963 164 73 809 912 596 648 771 424 73 723 347 48 103 70 715 781 950 294 307 821 968 993 485 921 874 690 855 609 605 293 11 863 363 418 911 336 132 164 300 203 468 900 220 317 154 671 77 827 648 267 668 999 540 81 305 274 314 249 909 398 975 679 423
100
848 658 706 267 199 252 753 773 323 314 537 968 539 200 752 389 262 15 36 480 453 459 281 4 771 301 870 784 524 363 897 115 190 363 865 745 638 853 482 369 572 952 163 276 326 292 37 275 300 468 90 401 794 51 986 676 173 670 955 553 82 665 668 865 935 829 425 132 564 459 97 880 237 747 872 719 710 751 472 991 796 128 496 460 119 1000 202 596 203 66 143 660 347 115 636 18 445 538 558 342
100
398 720 533 715 786 402 965 696 717 954 346 77 998 594 292 451 714 794 714 180 977 754 683 485 506 910 643 74 744 600 299 223 381 448 624 537 150 8 47 911 319 93 593 295 288 916 554 920 249 912 685 878 682 45 696 824 989 422 139 192 925 864 173 746 976 637 325 432 303 292 789 443 494 655 115 105 21 447 173 318 439 262 876 375 410 814 549 842 419 171 533 934 250 695 650 83 365 354 649 329
100
811 24 416 916 171 698 634 577 452 625 396 683 326 677 698 334 322 321 650 704 63 551 568 610 779 147 565 800 880 900 666 806 800 250 875 280 986 190 648 242 543 656 15 718 144 159 164 350 912 150 183 960 32 961 232 877 519 313 183 259 458 341 57 733 282 846 616 304 375 178 784 199 851 325 26 537 921 413 144 248 13 351 441 16 480 609 50 396 344 606 427 789 704 700 90 899 228 686 844 898
100
877 946 3 929 268 370 975 926 502 696 155 762 29 836 459 682 410 885 471 997 678 712 488 287 196 225 87 748 808 932 400 244 767 815 582 948 861 187 738 784 587 110 928 138 224 439 553 305 399 407 785 113 299 484 583 808 52 388 810 323 69 522 87 921 414 768 382 340 741 147 529 838 234 610 140 265 107 391 440 562 680 337 993 431 69 814 222 408 688 335 134 605 77 348 455 29 49 493 269 923
100
588 309 980 551 149 68 247 26 625 641 677 693 281 711 751 448 753 181 902 493 634 940 209 756 663 829 357 879 68 204 112 382 94 796 77 870 967 39 917 678 55 677 281 338 299 848 137 417 766 201 296 490 864 741 504 427 483 916 478 492 168 455 187 852 676 570 557 291 524 915 294 708 510 566 852 506 697 57 559 7 222 574 19 403 404 626 140 369 102 480 220 569 668 796 208 913 929 299 897 960
100
812 76 229 705 123 549 95 299 692 609 873 872 464 546 207 168 452 51 243 743 424 430 310 873 933 434 155 268 26 495 390 817 828 731 18 581 473 883 349 821 581 832 163 41 203 655 137 132 320 928 833 214 559 119 799 622 952 800 175 166 725 62 788 647 748 830 313 326 311 661 988 781 167 129 982 17 931 961 828 890 87 137 645 958 308 337 171 859 972 697 724 882 102 246 601 97 29 356 246 820
100
967 988 276 810 645 828 50 229 528 970 886 445 368 529 45 724 176 41 318 288 725 189 119 972 819 712 414 632 443 936 223 526 325 963 150 588 424 358 311 109 805 645 432 59 768 804 153 706 80 988 640 337 878 349 138 86 222 94 170 118 993 448 268 918 780 794 162 144 661 76 434 961 766 939 586 247 688 559 392 819 742 415 88 80 445 760 504 55 269 886 329 775 267 818 923 299 92 623 671 404
100
862 19 500 474 538 530 575 395 32 223 921 930 202 989 588 723 745 28 518 825 723 388 308 467 849 502 759 35 203 657 921 688 919 582 94 203 417 313 285 734 75 829 600 140 908 602 330 585 297 714 209 257 728 671 630 977 629 704 162 219 296 801 726 987 208 730 43 804 471 149 3 515 737 20 760 176 693 757 237 716 671 459 303 923 939 323 450 985 974 844 660 334 720 261 798 828 772 366 149 530
100
140 423 938 6 767 446 886 660 842 818 855 847 328 570 278 561 421 754 343 405 52 602 840 950 184 682 78 339 184 171 32 962 964 879 592 117 831 199 905 475 862 841 633 147 175 565 335 48 657 673 182 463 70 993 942 258 599 697 463 478 125 45 700 424 976 750 532 191 678 662 370 740 316 129 363 845 990 548 13 400 53 138 209 988 557 613 271 712 976 377 257 382 465 213 474 383 587 737 704 966
100
239 411 394 279 243 737 586 838 426 314 354 178 468 373 450 542 129 736 904 22 881 977 876 529 253 813 415 612 684 961 377 835 135 503 653 127 910 500 861 369 918 20 715 242 864 764 653 878 223 595 471 250 768 138 981 1 962 13 165 248 934 77 810 431 889 711 674 204 82 711 369 702 350 673 190 781 718 83 54 71 214 625 373 885 295 964 376 562 317 24 19 985 56 456 409 62 564 273 280 571
100
336 1 88 88 89 454 262 521 129 212 690 164 903 301 46 396 549 621 794 418 323 454 48 636 764 939 753 679 262 356 183 241 545 569 270 84 666 315 623 383 334 145 309 41 934 109 230 796 733 434 989 319 404 830 894 992 962 649 875 389 925 373 973 53 274 900 661 496 945 468 367 932 643 32 231 855 611 811 869 839 939 127 649 320 333 326 953 579 585 486 141 241 77 858 178 306 673 457 470 768
100
729 458 607 993 436 139 21 81 735 927 705 326 458 801 329 648 436 37 160 544 690 611 592 335 30 313 1 480 717 350 763 6 637 196 888 931 782 196 152 680 205 889 850 687 325 190 586 902 954 29 540 702 221 556 506 333 307 112 616 888 20 688 360 97 574 823 209 937 879 345 207 535 880 921 556 310 105 320 32 2 816 511 898 379 388 362 464 956 71 48 553 705 16 735 852 26 764 405 735 84
100
994 555 519 319 532 980 300 330 3 98 837 981 308 474 530 111 226 502 779 592 8 474 458 245 781 314 637 996 914 539 475 684 154 474 720 939 714 169 888 815 31 244 480 636 667 76 131 681 142 335 163 244 484 12 751 215 590 261 741 30 838 185 358 111 101 822 214 452 847 804 2 147 203 280 883 186 206 526 864 188 830 570 249 517 908 945 186 589 260 133 526 328 47 520 461 312 320 830 23 373
100
295 402 35 665 46 162 114 694 337 445 737 617 445 713 681 217 400 17 819 474 864 874 633 38 757 993 976 687 14 273 736 609 896 979 548 308 515 39 559 621 225 423 517 79 81 167 357 447 883 834 931 620 116 54 698 579 756 445 884 712 911 526 5 286 748 825 772 652 544 925 607 462 480 584 470 136 150 428 903 796 290 564 999 815 839 214 556 283 382 253 973 128 374 46 950 543 551 827 252 143
100
894 816 144 322 147 338 344 842 9 656 226 394 722 372 93 756 27 228 159 344 200 358 584 716 778 962 138 770 465 273 543 548 659 238 620 918 629 174 69 250 473 458 173 788 918 791 916 531 350 649 854 302 170 949 203 115 699 724 285 223 432 874 868 56 770 799 115 766 702 507 642 80 152 597 848 587 365 335 983 797 232 616 757 360 216 460 463 105 134 688 17 237 721 845 267 903 58 639 270 362
100
510 82 651 617 846 667 20 142 776 213 269 187 814 847 880 946 555 997 868 996 12 237 306 569 375 425 78 948 909 350 204 598 868 53 635 406 3 572 333 703 247 613 925 886 452 165 644 158 634 586 309 931 423 444 158 721 557 478 845 113 997 156 247 664 283 26 886 702 462 958 274 708 520 758 807 251 384 254 906 860 269 997 475 599 736 430 28 881 777 84 991 448 741 140 596 618 334 507 43 438
100
407 652 500 473 867 988 970 670 946 988 971 938 309 526 43 478 554 668 836 345 419 394 482 855 807 841 138 763 400 955 534 206 647 480 491 488 545 867 225 475 821 619 299 892 772 792 989 394 59 718 634 233 231 312 446 677 715 267 576 384 994 155 199 293 702 849 889 125 499 411 49 583 558 96 790 397 120 506 728 615 306 532 549 469 384 191 334 911 858 696 293 93 712 495 902 192 163 682 46 878
100
890 14 398 712 596 653 923 577 999 626 350 736 684 348 342 735 777 296 480 761 133 51 270 574 988 601 842 627 586 314 175 637 854 507 111 789 334 82 273 67 98 610 243 779 449 94 335 510 643 714 206 782 296 743 209 212 367 920 601 409 523 242 832 545 474 144 716 406 260 272 165 491 736 752 882 725 572 47 215 640 982 674 625 272 303 621 791 182 859 738 766 644 787 774 422 394 676 154 94 145
