100
99973 11
1235 47117 9791 1965 536 2975 1 101 85 25 1
99971 16
13249 17130 4861 6994 33884 437 7140 3063 123 261 381 10 2 7 1 2
99957 11
7608 1551 924 5034 474 151 91 15 7 4 1
99932 11
20031 12203 628 6606 22631 6908 1617 61 7 1 2
99923 7
5083 27979 7269 3983 72 68 4
99980 10
923 1055 13164 932 1585 1574 46 872 3 1
99984 16
26893 24906 3365 3478 9539 9381 5413 36 187 137 36 35 4 5 5 3
99932 16
30418 4822 17184 13786 13471 4035 297 54 103 63 19 8 11 1 2 5
99976 7
31388 2276 92 16 55 14 1
99985 8
55548 2491 355 61 140 154 109 18
99966 10
22874 10009 2492 1686 298 12 1326 6 9 1
99944 11
7539 4152 487 3365 803 52 50 93 23 1 1
99925 10
34232 9353 233 40 70 59 3 3 3 1
99987 9
15010 3133 1072 205 22 51 10 1 9
99915 6
18033 37208 681 199 7 1
99926 8
18340 68030 1492 972 1831 25 5 2
99989 11
10637 19455 18619 2582 3144 1790 1331 312 64 3 1
99945 11
11406 3389 1274 5092 8 27 14 7 1 4 1
99921 14
11373 28609 7060 4187 15642 13145 251 1505 91 65 18 19 6 10
99953 11
38862 11691 3869 2321 941 5 499 17 171 3 1
99913 14
37513 30008 9593 2043 2047 220 25 17 30 2 61 41 30 3
99911 17
4883 22806 9668 12727 687 777 421 1697 774 13 52 2 27 11 3 3 1
99910 9
8778 5570 468 237 4 18 27 16 2
99924 14
72723 8533 509 8798 5468 117 195 106 1006 102 34 309 297 13
99945 8
8662 20 3 13 15 10 2 2
99925 11
8139 7160 3355 169 155 53 44 8 11 3 1
99932 9
6268 17262 88 238 45 396 261 109 7
99945 11
23639 325 41 30 57 27 46 28 16 2 2
99936 9
21416 6842 330 1006 170 21 13 1 2
99977 11
24582 6444 1834 5316 136 63 50 12 3 1 1
99924 10
832 4112 330 576 224 95 16 7 15 1
99927 13
5999 35953 108 70 48 15 16 18 8 19 13 3 3
99905 13
13283 1791 2275 1650 612 269 123 205 40 12 1 4 1
99975 10
49293 27332 10734 95 41 102 28 39 11 4
99946 17
12015 1603 8225 29916 2823 806 2249 1004 42 177 38 12 152 27 2 1 1
99931 13
42759 14255 1162 6140 9373 1882 1117 9 12 2 3 7 1
99934 10
10872 7560 1124 1210 1295 4003 120 226 122 4
99949 10
34607 15594 7518 433 43 54 2 6 1 4
99927 16
64803 4325 212 3038 307 597 2449 434 241 64 25 28 5 8 4 1
99979 15
10186 7940 4783 1578 198 710 66 441 39 16 37 18 5 6 1
99926 9
4010 1328 2484 62 56 11 74 2 2
99911 11
31356 55789 11671 545 23 130 56 35 9 1 1
99943 7
9868 105 8 30 6 4 3
99934 8
38779 14455 42127 243 716 110 3 1
99932 11
11963 4520 4283 5785 6971 9572 721 13 100 2 1
99906 8
67589 397 2228 256 10 605 17 22
99946 10
47056 738 1752 603 292 195 1 1 1 2
99923 13
19875 2546 740 46 254 172 21 24 2 2 6 5 4
99915 10
846 36573 6957 2332 5703 47 78 164 1 41
99969 8
70218 500 64 57 8 87 2 4
99909 9
37694 4096 12731 7081 273 591 49 12 3
99992 12
51584 6433 3861 512 369 44 9 47 1 3 7 1
99918 7
8696 170 33 6 3 5 3
99928 10
6053 3041 2915 382 176 143 64 8 4 2
99912 13
14909 30772 4481 491 758 1649 110 26 4 229 114 22 1
99991 11
35024 45025 2194 4190 465 28 9 5 9 2 1
99914 12
40643 27455 12091 7187 3022 1501 1789 2523 118 17 2 2
99902 8
3650 269 8 10 4 3 2 1
99998 8
9 358 205 145 5 8 16 3
99955 5
4567 269 1240 415 1
99974 16
1953 22816 15346 10717 1650 6292 216 352 226 614 363 63 9 2 1 3
99978 7
25422 53780 652 1371 736 80 6
99908 8
24949 23677 261 29 52 2 1 3
99989 12
9486 10414 13563 2268 618 97 212 41 3 50 1 1
99963 6
14865 12786 1 2 1 2
99923 9
48780 12506 756 1455 562 69 40 32 7
99932 19
83964 5875 177 939 97 155 370 13 175 7 30 8 12 26 2 1 2 3 2
99949 10
13287 5869 4 7 18 7 4 1 1 1
99914 7
243 744 705 488 114 23 8
99958 17
33157 16141 7051 3744 1251 321 193 133 25 1 11 4 1 2 1 1 1
99948 11
15141 1253 1858 141 2093 27 6 10 35 1 1
99976 10
27960 7484 20113 21053 2141 855 240 12 17 1
99942 13
50766 11695 22184 2063 3209 508 630 273 30 94 14 11 4
99941 9
31788 1049 1526 3570 16479 145 39 28 19
99966 14
17195 9622 927 2239 203 401 1436 135 81 22 8 15 1 1
99982 10
4077 15861 353 829 835 138 39 16 10 1
99920 11
50167 17768 7509 1704 670 29 4 5 9 12 5
99983 15
16747 24924 11995 3211 2994 1114 305 154 95 88 1 4 2 2 1
99925 13
22807 25686 2024 1266 359 213 104 188 112 34 76 3 13
99968 8
930 21331 3019 307 284 13 2 1
99936 10
15610 7411 340 164 531 84 28 72 5 7
99936 12
15268 28497 3255 7080 288 22 38 36 91 26 18 3
99931 7
79907 94 204 6 1 2 2
99987 9
36057 909 537 146 179 406 24 4 1
99902 6
13085 2948 13 115 36 4
99913 11
13442 35374 1798 12020 1115 27 29 3 6 1 1
99956 2
14406 6
100000 10
7529 21623 3417 2405 1308 152 19 5 28 2
100000 9
41935 11642 1902 83 176 319 3 1 1
99924 10
4493 3721 169 373 125 673 48 74 1 1
99996 7
53600 457 50 12 10 2 2
99989 11
12301 23599 7571 1182 2737 137 268 904 43 24 1
99982 13
1901 28246 3425 9349 459 250 523 737 39 246 10 8 1
99935 15
24960 11425 188 2867 4164 901 787 2905 982 207 273 33 3 1 1
99943 12
44014 29941 3014 7296 6474 245 11 36 39 9 1 3
99974 13
53728 336 1304 5 73 51 32 6 6 1 4 1 1
99942 13
6514 8486 4963 1419 150 4 53 13 2 1 1 1 1
99978 9
3204 751 1053 12 46 54 1 1 3
99913 12
40955 7011 5363 3958 83 119 36 17 9 2 14 4
99906 14
70083 15271 7124 1545 355 1210 132 46 87 142 181 2 1 1
