100
6493703272198683055144068511426219115175557890365000579074679320055891184943803370144455146574022093
2112068429453254573544727045637134895245686485795660239441802183665990743494178221548240087243244307
6961879187786174412189388865139020527753995828254995864559164302307292320228152979883180643795377390
896548362382984170039230089139670168547343725307957440020203900738537244814543183658974086876233608
9290586740706517380550414639629941583759602831900531705594899540724282726315433964182557591601414000
5372543283030128232715382002698483497395660012795019702587836051132837465826280550703388079862021678
4776752888493337374935679933943890686992761211282940831719310565835678443013561640459394770006457501
3760331803788626171932064542444894681583615396703832961901153531142265917656170345346255400095497040
1304262948989728715881767738407984117471996597117025907230641672258261266742575912941323144921580902
7243297701120847016282910202960894737332124668008337414838782971669812734077267792255046681460090552
9495310739785591360074413992343994392553590001713483444252155395697915744730697680261431030009469308
261584675864145236407916483442727994595401738517375960989506924659171074295975961849399745984062233
7674154846120145416233577310012766478413590126276443541849467945453923563362764940726407306312871533
6425591525237275528402595815199827533823649134811265880326325480195266978609898765185748511555461339
8040444998928094372115198537022920772308635275520807007902447449866305011199681585826665776752584975
7671300842863174457375423111971454294132350875854562261039316663016445887483006007522929850214236718
5156112177256700893151348031681036646211352634754821199779561156761812228546544850437338006161356139
3592344407430760494468025021206036918126516598809398859779909538119540481923318882864064496023982508
3524719295798197678091988304474406413673599766426824725540259369765926534652331134966837586021689653
7438227243098671266505541503054245856018766272130851780616504168851978736621281492309897740497948720
4227228091778769978867044900717085601156422221203040002228430199645328767590482672781305561753074448
9446301808083479714352094520828886902576555099243099781322716601783943918326668623512535836132164847
8003939200532394620502681518139551972861495713498835580621087018424640657001396782774474826366236215
4525917054665391923798586954205226877426676580044731028519334362019430026174198292406420606569125759
1961253205637325793425487322704034478803027266407450141482815282980970524616535062355333125722530255
5385822469036167099333963707117466829813367732281651451155000597210380103136595652417774654376877515
579000723722876145349661094593986215253403209758473032115325849943301255070032839547324761747566267
2016186529061628666039571525165551838169418313607603736607625445559001614437363880301402052225837868
391842652196591948478944517700066957885962706754429743854594841917417166706707953025389923233316322
5856755358644006487804711460214814566902180969962410649125352040769281920043936765495281727344085279
5983188642499538531159828812023837538709146195341044399414411684981333384564870091340382614690522749
9965527654086445370288095626315666949028347983484181081337582239602740115379472274148891754123174594
8876000582732111134270282095926134887722814511590402212518514340196353163775903298968997615431758649
4182943383157536574502354502962082764645032983816351187247914883032386090368724280215157131427419926
723372396054812056318162008048691436473378668448952631780636042412538666368138859768721290921831226
2831420363930100239685622107519364474875613074849490158222597943131685116625901478934975299124462758
2944487775349407825744466185164267440978168393146940666040770770337687466327317693779645230766414530
8857873025865557091060632233592619752820080067785084414278797907428722541918616151433137063023149725
161170038354566486927417954053104299463689969258968418777897326155707479017080423087822328889233127
8249656304013118397544907286467258595345502607356038183136248141321908720962918923300787038091685024
7562337964352701656828324170886754858612527690227419524839389733602266817876861603028539905210817141
2676831685962569107532045801499082363968126804663385848593935134255227060434526067405816300788606071
4782517398336733075477655331292256518274999032641629064562608986888385576942625758510421891960850469
4676434417743089284727503970212440313441418025447331983863943733900659511819499179243741917736096702
6590637878132736970172272302559745543948038582160776506222252530302589174566026784304700338085369738
4111411974160821222706794534414929488003949880349466188058761301059938875798079416407623624532452507
2399836631445894061483297390433928402635736523013408946082115700123015023470222157516337241134289196
4594334005851918716750609790331356902442785438121826879508070980332012302632339820812613038638847999
274375018925466971821782118186281604215582645708463456650547969128609050514939227821945099862994736
3626472717301045727257627967514590861591358837126528258432473237664997382790230460379562614521816555
9995996397115046660793132630729340509454976079949382282422623217916168291709490607079878148863987587
8391671645424687910255204431981348059040478707259191606118007971919898208967345462871333178825216513
3127166291640909017066373720211215042608127663489371268450765367754786812113883039260557739194354364
4585766605109336178734500496276055371797871882907920495682027693280033531509427990492333975739855778
4849061640366352724759854958805135643571667085571909653094828705580506701086054069608910518405812290
4149011543660430770247252755243405328588004889286913608822463778417447654188915258772319093310419543
365812733292378245344915280826441486972811290127319044589960111185095973165269928583345355297432405
6321798739131845048870443813219760856136661557892727266136854878104105923613136532174361392642967465
2714365412125002411651503956100254761900311902189709132775700693735017800193983632463847742977196523
9252457965005487713683580781550217764809391935857672158141466661283154115436752189019812450306907304
171541794040039639113960388851854083793253338050805385012047289271476002735154241575992761989588106
5157796322979134127655587408694156135463569302516345034619846272368376213637475341395622786863482488
8892857187367867731624152921793619005184138789910723723241150359284323291605166664453699667987904980
4846952148504580825698492746776078189977075755138055438713514043862888231142145010241300505072690953
8767639573126195699866844709177828565270503344438824216477242079339964800103021804647346362773552938
5069131444289693946601863245226015354686447524482381389336540573543898184826541310249909200253989589
2607521479046444104531986059225460725590168576888236977664320457337611720617025300691186654256083327
6764780514770643968449139844164232799822413408679123277889681059542775614015072716646168697160716324
6812833386122669217715971828788936924293121077708928340780971451237846915932355045791974982085285594
5254445561402561787483855554360974879072756955832791967534431999801045162672653597206947514626986907
689649360331164149268443013853864651841106136432877562540456470160803971868394755782055236878116408
7121626346894409398124162049453974036089355200056784600479838351161279624750996655047043752769691313
8851201572146418494702170755352687083743677602773347286580875785926916995846699576121405635601202036
6856949486926154541979371185508349297229753272507717612624408943604201645988664410689350263163288612
7874369151551719881426152008719474450358760205188765122481471314723252857668305232628955314157005804
7788169938738402210391097367838092053715249782364637977238805431594185438321224300642586632763460299
8086241415043586463390233287524426720600101417761774530271033599642684852547411753865307193635921827
1825502658708289907059878193890652176955967442493195826465604774780314358551726570283576294656920345
5551886451459928718703555237220808959056148640929319188193315048699211004495037223406229923070991620
9013502312338448356176491777541507339593620312612300910788604830170640127633302968909639112961569996
1193411447800990369175313571092239167623121712614184170441821549910604357918568330945427332712558314
5504442608454983721081811056620980182172057489823510210912048959374309123295771035944560233936078870
93543195726187619115967593685667347066199294300158838554863247306052142722203693862183380300265168
2777679341600542540451442324668735883150215895145542388684078651351491845620714329472574414096591387
998932305188926492910019477997989321342029020133588788591498906492148163033362149449592407718182599
5741495045307293091217966332084640807307850661558668000877083862515478417004808303728717579407903242
9668783482449308498313467547411352994799907084348772386615376591344643595505879384898840568719470664
9652660027517375146211871541156419429281189236946652352415637850474225405793924410321646832947356460
3308262981953817274718370856094224688406237978697022244660241432054874885283965125305669082825088116
9726341103181583376127761319544646227958451194911978944358865272435544928399882832826572451937191727
4637725065010606482209012862065516206191798052902974884456447387867241092406699348904052279966695378
6019015956979074477337023675955730837938661565383211713254350300673949264401129966742992542656777330
7332554732848749015470850843822530846804158282088670970600611157025828918859257739118042188851926292
2643611356360934887385949475016545367125806717671317677209155357793097230853157214945824012635792756
7426326731386347002996832278730686459827568054926171238175788452750582437805339231480486543460748008
1448964628301517278485799972417326447176249432492413270314229602481942965520209270509561299713361149
1594738133426472816261592389757655416832394923762678899305989322850349652764267995102161761690711150
7481789141227488369907692688044808612773721255458440643951728853291246836937795427215562682842689612
3154320333176624261577740989630668788068041485050515938286653823075755790479266059524192046338995172
9896158304517096531988407424051710195159772260537051327815899382815448229241904362954812435950636466
