100
3 10
10 3 W
7 9 E
1 0 E
10 3 W
7 9 E
1 0 E
3 10
7 7 E
1 9 W
6 8 E
7 7 E
1 9 W
6 8 E
3 10
2 4 S
2 2 N
5 7 S
2 4 S
2 2 N
5 7 S
3 10
3 8 W
8 2 W
4 10 W
3 8 W
8 2 W
4 10 W
3 10
1 6 S
1 6 N
9 2 E
1 6 S
1 6 N
9 2 E
3 10
2 9 W
0 9 W
5 3 S
2 9 W
0 9 W
5 3 S
3 10
10 6 N
3 8 W
6 10 W
10 6 N
3 8 W
6 10 W
3 10
1 8 W
1 1 E
0 7 N
1 8 W
1 1 E
0 7 N
3 10
1 10 E
1 9 W
1 10 N
1 10 E
1 9 W
1 10 N
3 10
2 1 W
0 0 W
3 8 E
2 1 W
0 0 W
3 8 E
3 10
2 2 W
8 2 E
3 8 W
2 2 W
8 2 E
3 8 W
3 10
6 3 W
6 3 N
3 5 E
6 3 W
6 3 N
3 5 E
3 10
1 10 E
6 7 E
7 1 W
1 10 E
6 7 E
7 1 W
3 10
0 0 E
1 7 W
1 1 E
0 0 E
1 7 W
1 1 E
3 10
1 9 E
0 1 E
2 7 W
1 9 E
0 1 E
2 7 W
3 10
1 7 E
3 2 W
6 0 S
1 7 E
3 2 W
6 0 S
3 10
1 10 E
2 0 W
5 10 E
1 10 E
2 0 W
5 10 E
3 10
4 0 S
8 10 N
2 7 N
4 0 S
8 10 N
2 7 N
3 10
9 10 E
9 0 W
3 6 S
9 10 E
9 0 W
3 6 S
3 10
3 1 E
0 3 N
7 4 N
3 1 E
0 3 N
7 4 N
3 10
4 9 N
0 8 N
6 8 E
4 9 N
0 8 N
6 8 E
3 10
9 7 W
7 1 N
6 1 E
9 7 W
7 1 N
6 1 E
3 10
3 0 W
0 10 W
1 8 S
3 0 W
0 10 W
1 8 S
3 10
0 8 S
4 1 S
7 5 E
0 8 S
4 1 S
7 5 E
3 10
7 4 W
8 8 W
0 0 W
7 4 W
8 8 W
0 0 W
3 10
9 10 N
3 8 W
7 6 N
9 10 N
3 8 W
7 6 N
3 10
2 2 S
7 8 N
2 4 W
2 2 S
7 8 N
2 4 W
3 10
3 4 S
1 3 S
9 5 W
3 4 S
1 3 S
9 5 W
3 10
9 0 N
7 9 W
9 5 N
9 0 N
7 9 W
9 5 N
3 10
10 8 W
0 10 E
2 0 E
10 8 W
0 10 E
2 0 E
3 10
3 1 S
7 9 S
5 8 S
3 1 S
7 9 S
5 8 S
3 10
4 0 W
5 6 N
2 1 E
4 0 W
5 6 N
2 1 E
3 10
2 2 E
4 6 N
3 8 E
2 2 E
4 6 N
3 8 E
3 10
9 8 E
3 4 E
10 2 N
9 8 E
3 4 E
10 2 N
3 10
4 2 S
8 4 N
6 1 S
4 2 S
8 4 N
6 1 S
3 10
9 5 E
10 8 N
10 0 W
9 5 E
10 8 N
10 0 W
3 10
4 9 S
1 8 E
0 9 E
4 9 S
1 8 E
0 9 E
3 10
4 0 N
2 1 W
1 6 W
4 0 N
2 1 W
1 6 W
3 10
8 4 E
0 3 E
8 3 S
8 4 E
0 3 E
8 3 S
3 10
0 7 E
2 8 N
6 9 N
0 7 E
2 8 N
6 9 N
3 10
0 2 N
1 4 N
9 7 N
0 2 N
1 4 N
9 7 N
3 10
5 7 S
10 9 W
9 3 E
5 7 S
10 9 W
9 3 E
3 10
3 6 N
2 0 E
5 8 E
3 6 N
2 0 E
5 8 E
3 10
10 0 W
3 0 E
5 8 S
10 0 W
3 0 E
5 8 S
3 10
9 0 E
10 6 E
4 7 N
9 0 E
10 6 E
4 7 N
3 10
3 1 E
7 1 E
8 1 E
3 1 E
7 1 E
8 1 E
3 10
5 9 W
1 8 E
2 4 S
5 9 W
1 8 E
2 4 S
3 10
3 7 S
1 2 E
0 5 S
3 7 S
1 2 E
0 5 S
3 10
2 9 E
3 5 E
7 8 N
2 9 E
3 5 E
7 8 N
3 10
6 7 S
1 3 N
8 3 E
6 7 S
1 3 N
8 3 E
3 10
7 5 S
4 9 N
10 4 W
7 5 S
4 9 N
10 4 W
3 10
1 3 S
6 4 E
6 5 N
1 3 S
6 4 E
6 5 N
3 10
9 7 S
8 8 E
4 10 N
9 7 S
8 8 E
4 10 N
3 10
3 9 S
3 7 S
3 3 S
3 9 S
3 7 S
3 3 S
3 10
1 9 S
10 7 E
0 6 N
1 9 S
10 7 E
0 6 N
3 10
6 1 E
0 5 W
9 5 S
6 1 E
0 5 W
9 5 S
3 10
6 9 E
1 1 N
0 2 W
6 9 E
1 1 N
0 2 W
3 10
8 9 S
8 5 N
10 7 W
8 9 S
8 5 N
10 7 W
3 10
1 10 E
0 6 W
0 10 W
1 10 E
0 6 W
0 10 W
3 10
9 1 W
5 5 W
0 5 W
9 1 W
5 5 W
0 5 W
3 10
8 6 E
1 4 W
10 9 E
8 6 E
1 4 W
10 9 E
3 10
2 5 S
4 0 N
8 5 W
2 5 S
4 0 N
8 5 W
3 10
2 8 N
1 4 W
4 3 N
2 8 N
1 4 W
4 3 N
3 10
7 1 E
7 2 S
7 7 W
7 1 E
7 2 S
7 7 W
3 10
6 7 N
2 3 N
4 0 W
6 7 N
2 3 N
4 0 W
3 10
2 8 N
10 2 W
2 2 W
2 8 N
10 2 W
2 2 W
3 10
3 0 S
10 10 S
1 0 S
3 0 S
10 10 S
1 0 S
3 10
3 7 N
8 0 N
0 6 E
3 7 N
8 0 N
0 6 E
3 10
9 0 S
0 7 S
4 7 N
9 0 S
0 7 S
4 7 N
3 10
6 2 W
9 8 S
2 5 N
6 2 W
9 8 S
2 5 N
3 10
9 4 W
10 1 W
3 8 S
9 4 W
10 1 W
3 8 S
3 10
2 2 N
2 0 E
7 3 S
2 2 N
2 0 E
7 3 S
3 10
6 3 S
6 4 N
8 1 W
6 3 S
6 4 N
8 1 W
3 10
0 8 S
2 10 E
0 5 N
0 8 S
2 10 E
0 5 N
3 10
8 7 S
6 9 N
2 10 N
8 7 S
6 9 N
2 10 N
3 10
10 4 S
10 4 E
7 6 S
10 4 S
10 4 E
7 6 S
3 10
4 1 S
7 10 W
2 0 E
4 1 S
7 10 W
2 0 E
3 10
0 6 E
8 9 W
1 9 S
0 6 E
8 9 W
1 9 S
3 10
3 1 N
6 1 N
8 10 N
3 1 N
6 1 N
8 10 N
3 10
3 5 S
8 4 E
10 1 W
3 5 S
8 4 E
10 1 W
3 10
3 0 E
8 7 W
0 7 E
3 0 E
8 7 W
0 7 E
3 10
10 3 N
1 2 W
0 7 S
10 3 N
1 2 W
0 7 S
3 10
0 2 E
5 2 W
5 1 S
0 2 E
5 2 W
5 1 S
3 10
4 3 S
7 5 W
3 4 W
4 3 S
7 5 W
3 4 W
3 10
7 2 S
3 6 E
6 8 N
7 2 S
3 6 E
6 8 N
3 10
10 9 E
2 9 W
4 0 E
10 9 E
2 9 W
4 0 E
3 10
10 7 N
5 4 E
3 3 S
10 7 N
5 4 E
3 3 S
3 10
8 8 W
0 10 S
10 2 N
8 8 W
0 10 S
10 2 N
3 10
8 1 W
8 10 S
1 9 E
8 1 W
8 10 S
1 9 E
3 10
5 5 S
2 2 W
3 2 W
5 5 S
2 2 W
3 2 W
3 10
6 2 N
10 6 S
10 9 S
6 2 N
10 6 S
10 9 S
3 10
2 2 E
8 5 S
3 0 W
2 2 E
8 5 S
3 0 W
3 10
1 10 N
10 7 E
8 8 S
1 10 N
10 7 E
8 8 S
3 10
4 1 N
4 8 W
5 2 E
4 1 N
4 8 W
5 2 E
3 10
4 3 S
7 6 N
4 10 W
4 3 S
7 6 N
4 10 W
3 10
0 9 E
2 10 N
6 6 E
0 9 E
2 10 N
6 6 E
3 10
6 2 N
10 10 S
7 3 S
6 2 N
10 10 S
7 3 S
3 10
3 0 S
5 2 N
2 8 N
3 0 S
5 2 N
2 8 N
3 10
0 1 W
7 7 S
6 10 W
0 1 W
7 7 S
6 10 W
3 10
3 4 E
2 9 E
7 9 N
3 4 E
2 9 E
7 9 N
