100
144709222522551296 47138377774175718
11998841197747751 4263604167420417
838131336353302524 515457510714818452
373944907153066715 365978881647916272
17532653052732027 1511138412844530
87241793577936889 12369717033309382
466596440896202491 335375945095295799
119447481254630722 2749329125852778
91437836454623702 46325459042479746
424260046681220847 293951491832534747
713208193754430913 291403035324794594
910267390724621462 361976016442049275
783674571471652019 43268340196677350
897099209775092201 265372217863406037
950384763407043264 170660812719976133
944377571961735046 728431439067809215
143814653401657063 65934132693886833
714877975633371183 13006858056879223
223024377189879965 41769522508296478
671206886828946234 525069557463672806
39408822049351218 21436208599147339
153912682970793796 489437281748054
949430855878246686 511626093421706097
533285790166288870 7291265013606871
176801058747930080 12368633334338468
45673483761377704 30668632191997115
806134399356602005 459926724906579363
435104996548381591 354400333788168655
90050760849327352 124392921939853
344860514965462851 162663025973072002
245368792707602148 243337682249916270
799870899167902333 114612513470903884
389908713180474631 225321676853778102
811104970757349291 578721140952268104
121104683620912317 38465118120376754
87126834158752672 9852123497175658
962815511079946533 461558915782392860
472995148305631236 418659420995934944
393351905413555403 353789249660303733
427234251791276822 16302121772850698
854120543522290002 193695649910082899
513033375725077395 321635716059511901
713781498457161079 373186799517358510
206793566294392501 109657749342673533
956864855491628158 362912605907453146
385357890423608146 133368808025130807
605713663907839281 264016413745776023
532848240505922240 403031267828607475
809229825345980596 226116196592121450
9396145442420018 5763149761749946
57027550747163269 30580712203936977
881021835986847473 276108033616397957
628007013262956127 457365793693494809
857187266239370636 706506489583158292
940067304478962255 862375436678719979
414781155433835393 153581005712241126
735325548134513562 239897975103019940
615871281139517867 167412950676979867
295809702167355174 30444766813587904
617150232977607064 427979920690328794
326150507706939977 286394816688884912
702087013203661255 289755302202833866
895575807145382838 881830805972413380
144777958404385031 18194902807382237
915733958925253959 915337166961394512
385695335527439041 367549987795830119
867445216781005576 197543359791859242
572314732536770448 112483966116611225
428995748682335862 11906850144374787
35447552667923388 3780511230234180
159921068606096255 61796721041747156
136058268853681158 89079733680385244
327345045998803044 274441140138463121
134938838355663435 1565262951074646
860639589690129416 706064733186126148
379639292096450826 55988935769331082
920240838730020880 245085728114481152
586720374062360441 463763035864712758
535836800075184741 259914175142262961
45926022506708107 30759871873288200
573898793396757008 471761782158242075
102827413123452362 46417769482822259
457807680150049305 268766547772669700
701675836663254894 358851842935092400
685744407734994268 560066996299246254
197185655199513490 191921333420335149
366703118992941048 67202041356449908
130270727756256807 21187451006261210
266620160263886311 251784652782725257
71541354299918469 70643203127386156
423718511327399227 83200048720181091
628964991221962882 211641255357540094
731766218790322907 128492879848564219
548115428281161179 343383606348481313
755096059224766099 72609182865239380
175489768862540257 151301661203692049
439173979368801725 131667450631735275
450316622991557736 290350155905314039
194544761395376019 84927665470857625
396130649870652899 336122304194054018
